$ANSIBLE_VAULT;1.1;AES256
39393630323133633462306136656463633035623533393864323139323037356532633736396436
6334376530666361613436613133643637623335663638370a373734666139363532666538646264
34623866333066333839613232643364343534306131363866626134386534633631633562396437
3039653539306136660a373133653661643363316662663138346232643839316332636261396638
63353336336636643338316433326139623131373365333363656236653938316538636262383837
39363932303666656137663463633964666431633736646539633031666335646266326230343135
35383939396331353466623232353131346563623133656339333565646461383563303539373434
33303730396339353535626135636438393465653038636636343531356665623661333936383861
61616235353532616563663539393466656262356532333639386436366333346363343463366261
35363930346566396165303230353863396161343233353661386363633133363662643832383836
353266653135643161313830643261363839
